0.457639802161005
0.453063564574521
0.384461345392779
0.369762235953919
0.3105905358018
0.372360131204729
0.37534087164696
0.397595561248363
0.413421865519483
0.358821602830469
0.373672252322989
0.336922114551319
0.359774381551564
0.375809400263215
0.426174520215463
0.359381307671659
0.336735315078219
0.394553358374498
0.353203660630094
0.395880261467367
0.396246805811156
0.361288531679623
0.472689946404276
0.358313926942135
0.40555535534503
0.424479133213656
0.413360682883908
0.429495968835184
0.40707114434682
0.352941240333764
0.413807966235643
0.365885165936422
0.382807566730866
0.377105890707507
0.42344638195874
0.396876860943104
0.392938729414529
0.359604244391421
0.431726913798618
0.496363655209487
0.382931520375863
0.406047926302001
0.466191479800095
0.426348792224691
0.446670130806388
0.442858117242227
0.463347421075052
0.43281332865947
0.411826764942069
0.385043936179791
0.451181623446768
0.423071177626185
0.448085523918511
0.427455510814316
0.425654969955137
0.431901961995772
0.410792200408491
0.444857369097838
0.438039743581877
0.478353674857468
0.452594122766599
0.395656468297972
0.443361238723274
0.445966424449247
0.416929886185109
0.416444155323199
0.398483268586872
0.453657019818529
0.423216454061189
0.4871898323022
0.459079423199268
0.382501784826111
0.480257627629882
0.419188034016644
0.444861824946392
0.433502240767564
0.415613960492195
0.418571844434794
0.451112911041405
0.476425037567728
0.488593951593876
0.44860951517236
0.450068392194974
0.40303864498762
0.499531997635687
0.493648492940842
0.402883588788325
0.527517762386106
0.446805947051436
0.443011040020207
0.420598494974426
0.419443486879437
0.436154772784468
0.419697808876364
0.395325887988545
0.409947223488738
0.452226431937646
0.457645613664206
0.434788037233662
0.379485514433358
0.377847750381991
0.41946296417894
0.406721810327051
0.427193035653478
0.432166367709668
0.386637785081313
0.383835682375724
0.398948623846046
0.405378161560434
0.441793896824699
0.396575017121211
0.476187074697491
0.428598179180609
0.366961582024474
0.424826195820941
0.427287561187135
0.426895891619874
0.42670045115421
0.448786341942235
0.372300302988981
0.508842034424289
0.386624622163923
0.394381991360316
0.407263996824866
0.422373086086102
0.38305206845329
0.437898940788326
0.386324078122168
0.385239785227981
0.356949124383744
0.398095163355962
0.438133693016403
0.429831012613466
0.483123330094236
0.459848992560224
0.40859507116292
0.471919311957345
0.468462137801881
0.419993244238342
0.401979309109938
0.570602773160584
0.449172741180109
0.56639306726809
0.492813735979745
0.472437460093542
0.521070821738008
0.543154372789138
0.417287036731159
0.538381177381684
0.509425163314557
0.544483351567792
0.498514329186049
0.479672363760887
0.447878752913696
0.527788609250815
0.483622685314752
0.38356161135526
0.406331975719459
0.436787903478195
0.50013411124207
0.489775616074696
0.463024580808195
0.51227740127433
0.575292409000119
0.501546384682601
0.573536208607953
0.437747854069392
0.501031847435973
0.484220246532116
0.499862798849406
0.546742775211634
0.47668701851965
0.465789293471794
0.503982871312992
0.486237344997769
0.495403880175244
0.466889672211393
0.545128959891243
0.462991485568008
0.475654650096614
0.499575525742101
0.422346030140869
0.409646091861142
0.467133268827777
0.392647874387733
0.39020377176116
0.416045030037052
0.39856496994151
0.424302555967604
0.4524666501384
0.431743456358484
0.421375116334614
0.395651624084916
0.42681541102609
0.418826131016532
0.407861974778712
0.391478747038752
0.396490338558466
0.376955546943358
0.382575187023144
0.475975525384075
0.407642106203522
0.455820065822295
0.352027748630298
0.360219284867722
0.396642836915642
0.410327561175165
0.406817011272706
0.522262273028422
0.48216866343675
0.425821957002002
0.430196529006583
0.39539198969762
0.498881393040474
0.441916927339569
0.498008395625905
0.479953645329248
0.455430783544467
0.457714527001432
0.448307289680078
0.533840944046619
0.434140099578633
0.497460485497407
0.514540237846597
0.520532189831847
0.514539451887174
0.442322610871067
0.462745091013975
0.407649519394237
0.436362144474188
0.534020807970562
0.435617176457422
0.456160030579897
0.528311298001986
0.486164728649835
0.433159549713772
0.472740238572502
0.448282339995741
0.427215743882532
0.460186564727434
0.450044937689356
0.450966110752407
0.430871402454314
0.428871529770651
0.438988193224447
0.447626976150737
0.48660605395012
0.45934884250812
0.436114148372882
0.41640389818998
0.440436535130394
0.427321254281006
0.365167574519297
0.403204046956663
0.423112433707984
0.435761414257451
0.448679469994978
0.480224280291554
0.456764253067088
0.45675518418023
0.406491049304018
0.446929239173089
0.471618954136003
0.513765601358264
0.458010491169648
0.45546695827643
0.442721494666365
0.518289208393372
0.466355300460491
0.495243365969
0.375385116561311
0.458600323390299
0.477062250304066
0.441435661649121
0.437028721951483
0.432351339855895
0.483309954662758
0.425310973217182
0.391103141843972
0.438255325425247
0.509719537013165
0.4200874207004
0.490450964039444
0.458234061441178
0.427419573431831
0.41970829509732
0.4407106805297
0.419151569730342
0.483803152704216
0.436219664966033
0.532199642124886
0.447756990565906
0.44663259188516
0.462167772879971
0.393192792075828
0.470199472006507
0.476324994410032
0.475079421993444
0.450587358386637
0.470235117056
0.42948183192481
0.465522963005563
0.407582646786236
0.462728790936928
0.520031840536345
0.394936000697848
0.453338213086642
0.413165724420102
0.461683051144649
0.429915201007973
0.416842831500721
0.413183339600214
0.374725361821092
0.371156392903303
0.415896562745523
0.451853231927999
0.419060455279989
0.459335600834926
0.40983433179622
0.372549594652346
0.439062199123706
0.35276244056002
0.432581464000675
0.460122347050558
0.465995670422006
0.403874309036061
0.370884528169204
0.425772642716771
0.446168869138779
0.41485971486762
0.387640547732263
0.396896155371096
0.401136061480717
0.440070642416784
0.435385327791536
0.395609518002167
0.42317374252919
0.448124792374669
0.397537814183534
0.447659840459267
0.459527807485107
0.389379673219546
0.431790017510589
0.383661662205975
0.449775277012198
0.447909947719233
0.466002379347633
0.36631907760086
0.444982929749875
0.406056200946585
0.452826542985419
0.440849770561301
0.447175564964041
0.401281627594663
0.482801792015537
0.416855554609603
0.425103696526109
0.439481940752657
0.463889728449906
0.463437910532571
0.446682152636092
0.442152564509496
0.442671429713995
0.403213711207277
0.423052710101411
0.426383247202944
0.422614330057564
0.380513189794718
0.460776128176868
0.476993452018388
0.497615740771623
3.66959689300051
2.07906851298993
1.04247423499077
1.1460886052646
1.50663609818325
1.88425885170657
1.65889502496261
1.74674256208776
1.88778858910255
1.94120266986396
1.75647434578002
1.82773789317125
1.71494782103117
1.84416079436169
1.78109828322982
1.7395025851681
1.58362703859817
1.86351438936867
1.9696410959523
1.66442740291838
1.6671839826422
1.80990316762677
1.61570620589526
1.6476241144078
1.59917506153842
1.60024040030441
1.65687362170266
1.64050762758182
1.57605413317083
1.64600043865899
1.68675328565337
2.01733008123853
2.11472564435331
2.14924158432423
1.45184431141494
1.44224492773431
1.37154253046472
1.83698559133868
0.919157274826742
1.82179984495379
2.00610344105903
1.92044684972526
1.71675553458673
1.93124491827531
1.46276582660742
1.06348476872485
0.79189256674782
0.656597172362541
0.661542555814081
0.870468005616225
0.690715421013467
0.759294415490493
0.846537956619983
0.676919444384791
0.730276244748745
0.925607471147721
0.849579671082991
0.763174692697786
0.750936143153526
0.740617154008843
0.901321430429674
0.81250308793806
0.795852351806383
0.762162882398777
0.788962237630159
0.869500894077342
0.905293110615784
0.81708365519269
0.801177888317966
0.899544481888137
0.771390308584235
0.820626028789868
0.806625190599026
0.788496573608603
0.78060052666144
0.905283853629851
0.958075812601569
0.771456210762213
0.783537145448966
0.917942472691595
0.898647885585856
0.918035309598342
0.886779718612908
0.89534412281152
0.735446925808574
0.79038594255549
0.867386586726526
0.860682370463413
0.879738214303789
0.858865730934424
0.820356774038418
0.993694164236519
0.818019543626192
0.935728248680656
0.933293706821271
0.863298894064004
0.777198201424191
0.834909614869095
0.837363537643568
0.830783345117915
0.821220221878306
0.855356308181258
0.746070090840398
0.933051857389463
0.949776909909962
0.753654663128057
0.810360582657693
0.853155478096981
0.88990798303794
0.906287485790593
0.892658045658002
0.848987627826505
0.90526604494025
0.808795358979206
0.831580323181361
0.839021233975264
0.93312689995919
0.982273209861014
0.84768883236347
0.827026954859938
0.744843346053236
0.867907455693692
0.84419042575144
0.896248575155173
0.855010496271408
0.820273980590473
0.840704435960468
0.779998371282895
0.823639701310417
0.829712526964105
0.780358952858042
0.8457442322808
0.821513709696345
0.92072016532545
1.05306060190679
1.06827888875057
1.01626387998896
1.06865984424345
1.06095466381449
1.04484911528807
1.01361101877233
0.985024485495402
0.892829732895182
0.983769142080651
0.877106703057291
0.917213393884709
0.982499624535139
0.999350224065464
1.06672462666591
1.0573433853388
0.941583211754509
1.0453219614334
1.0858984443092
1.11753258330422
0.92909093933877
0.9841434069437
1.0612456834076
0.961043907349544
0.996883685245645
0.965058611171392
1.20968307140765
1.0728159163618
0.940328449553928
0.939551457426471
0.902855768788372
1.03747180355531
1.03991769941383
0.897242570750617
1.03246575312314
0.964692001436442
1.03595820700919
0.993626385888537
0.92427789324591
0.94408445344242
1.0715067138807
1.01463584830997
0.966698940853017
0.98546221515648
1.00938391802642
1.09265746830283
0.950640931322123
1.00844875772204
1.13346203870276
1.08003058952094
1.07864782196712
0.976700297827924
1.02450094948491
0.99396763079921
0.998421566772296
0.92974185763121
0.956201606965672
1.06683845173337
0.97357706741865
1.05825053689378
1.0510637796244
0.95815469930695
0.959936665069607
0.980641166019215
0.94566841144526
1.02175861564585
1.07409386963269
1.08391021602002
1.06919871876693
1.06440927440738
0.989874383069649
1.21165879728523
1.19401557893548
1.14233320349506
1.15667520750409
1.1889794610992
0.945487038547683
1.14840716739321
1.16279237276804
1.04874073657425
1.02510356324438
1.11446334761947
1.06841199415553
1.03322406435569
0.956975727234155
1.03475187023005
1.04360744536882
1.04391085950747
1.01535124217466
1.05926917466502
1.02295020370483
1.08745837332854
1.12529588886167
1.09883215062666
1.03239671000319
1.13388987918939
1.03171032380983
0.94845123330479
0.99293288217517
0.914785728177173
1.01157683835676
0.993541453023181
1.06180563213137
1.18041843610397
1.18331597709961
1.04320387280893
0.985921500556287
1.02718984743266
1.14245958875594
1.11005069261142
1.01495348504403
1.11367037666905
1.01441544582685
1.06576551130801
0.994667304054293
0.95206810790025
0.998400996932878
1.00862048591326
1.20753895980187
0.95753097155945
0.921798081090823
1.02332377514697
1.07072572046613
1.03127213687793
1.14011996325461
1.0537869709879
0.996914134876606
0.969232017580699
1.14246858437815
1.00460800800462
0.973406085303713
1.08973780882861
1.09710748009223
0.983823843568407
0.998795872930085
1.10266296045732
1.05235486312884
1.12411216070502
1.02328706850675
1.00171654170609
1.04975835422387
0.943135177020712
1.10053481873587
1.00267003617345
0.821022042989704
0.949482362012151
0.905726617236516
1.12442570205306
0.951852349790313
1.0115022203244
0.90991355075699
1.06459231798926
1.05429140439342
0.96236284515681
1.03684787790222
1.05153962376977
0.938287634982408
0.989250519612565
0.998528316893551
1.02505964891694
0.966357697546329
1.08826516115242
1.11453245117964
1.14556155544271
1.45060059672422
1.58676415406819
1.54326503469792
1.61691041091413
1.67127505031467
1.53369137330844
1.4711629928776
1.54658245136818
1.50428006264127
1.65461646243512
1.7278820860641
1.51907258338188
1.56716563715933
1.83530426988292
1.74042573841149
1.85757119949583
1.86538026213604
1.7122022637625
1.7203101182826
1.64408154832784
1.69937643026925
1.62848554602918
1.64227837702086
1.82055414124
1.7313459501422
1.69452434903967
1.48685933839592
1.38938824790942
1.56619511103907
1.69339261337911
1.71681495578296
1.68174961122922
1.71180831948175
1.91239302189287
2.26325391261162
1.89126215967871
1.75073751174496
1.74525070068199
2.09860605134357
1.94710556181536
1.82881127805381
1.66399557911495
1.80302922387887
1.94246585969707
1.91486849915288
1.62152956525416
1.75283688948792
1.85183323842848
1.4775376618464
1.53482788892887
1.61369676791824
1.59855610128004
1.59477353304574
1.47765907681734
1.55565507752776
1.91031429044277
1.61026601759151
1.64038149589976
1.62894524480102
1.32185569138672
1.83789028013281
1.63226479401996
1.71181104898992
1.63838109398691
1.46239485016327
1.48623497064135
1.48272967690639
1.88996829025941
1.96143553443758
2.04029186542938
1.87775266704169
1.89536173625283
2.19715314616684
2.42117137458162
2.35769797995235
2.03433022272934
2.04889097031147
2.17044342171767
1.680374880755
1.69125502528397
1.75883207274047
1.71487135008604
1.61975626491265
1.8070720980762
1.64640504427985
1.44622360490926
1.54525680330832
2.01374903826424
1.57851004092773
1.63264691896952
1.53136813178642
1.77606211358765
1.7296456593449
1.66945659283299
1.62867298917203
1.7443796685365
1.9137777011797
1.84730450649502
1.90677248441432
1.64081800106955
1.68490936331986
1.87142401562368
1.72502284521811
1.26552877835619
1.39419609787544
1.56710610968011
1.40637608439236
1.56144878293445
1.62403774721357
1.53329742775669
1.54292971342736
1.57611072602179
1.6458868337786
1.71972718978199
1.69440255244055
1.74847660896759
1.53759639387125
1.58124591420282
1.33557726740976
1.19395339944853
1.35084792062457
1.28345238302564
1.37382165362857
1.33494251703846
1.58426061107278
1.33527203273454
1.64140150829812
1.51386380308541
1.52655910638834
1.32589265947018
1.22901830789983
1.14696930267706
1.22488582869403
1.09214525742308
0.961505948166431
1.19222464143618
1.15157945616729
1.03868071648414
0.906532599108213
0.754761337767623
1.01274877424939
1.13734835972648
0.84168926339254
0.869052331223785
1.0330439998663
0.899155656699141
0.970008348904674
0.967890392323927
0.978195979637361
1.0613813126547
1.01583075879454
1.0364721282982
1.09959384634234
1.05520645876882
1.13393454283306
1.14372170453611
1.15712223173888
1.22315704251383
1.17691087112205
1.33857333584497
1.00591553803893
0.892171587835561
0.868420803122376
1.25103945291749
1.62013431476952
1.56848428440497
1.72325812426495
1.87162006389022
2.07144790200664
1.99341739132603
2.22167446543542
1.98469258328805
2.11770150876192
2.28939764107392
2.04681352923304
2.05405601954503
2.04782288720638
2.14811026344825
2.1562187312964
2.32521322260714
2.20378477391707
1.88886269533168
1.81168630131118
1.76975406869764
1.73907995986491
1.6579116352418
1.5533666184805
1.59575683081419
1.78981529694588
1.95468810739557
1.7616487428232
2.25633490362498
2.48125672934908
2.52764707689682
2.52202678905276
2.49801189881465
2.79985521664584
3.11373290263221
2.68264494875768
2.68562373741726
2.62968585238619
2.61078196861317
2.36955670472664
2.86348488116061
2.48605573761376
2.37434954416298
2.6189128372409
2.79144347945549
2.63562025122534
2.36194224561428
2.45303720151953
2.67312861192629
2.64780616346963
2.60635700889988
2.73002067398868
3.00954705138678
2.65771329871934
2.71708110447729
2.86576371202194
2.73023757868038
2.74355592624521
2.68055019109756
2.39303859917171
2.59430395166348
2.95908978297022
2.69338142085424
2.83984846442154
2.78156827783025
2.76693128732942
2.7106119775253
2.36182123705346
2.5741378516283
2.62143775215151
2.5213527095474
2.58786798623183
2.5849201126956
2.5200797117909
3.0784947767241
2.62993547805913
2.86574646363616
2.80092843679152
2.86341175306571
2.80750950014844
2.86066380314196
2.98944685350321
2.74211674957961
2.70224533013003
2.98381866442433
2.82623002071858
2.59998835932807
2.54039363354793
2.38872343315838
2.31056773361008
2.54641680009811
2.47704163667907
2.62112054658278
2.4988865963449
2.88650331030912
2.29706898881731
2.52309554473896
2.51532572758771
2.48050140161665
2.31021338357881
2.54162715357696
2.453861076842
2.46440575943162
2.27402901921431
2.37253684351568
2.15759134460874
2.62852619841203
2.34227732050536
2.28773463934951
2.40726120826038
2.35650866555374
2.08013125197591
2.32344699269758
4.30740877519717
3.73379882115441
4.63279839742943
3.82005550655475
2.54934788843829
3.05144190162445
2.54356114480422
2.39982003031652
2.6017288971774
2.56211805807907
2.54619439084428
3.01972731333478
2.56894869778013
2.92328722102601
2.71633134374571
2.27592013714294
2.51156024934913
2.43871471632908
2.57979848984688
2.29295808131123
2.62667855730892
2.47339063079181
2.50831507904759
2.63942850278777
2.60688948697546
2.62745201868082
2.50684629060015
2.61386973648862
2.65914274581114
2.50121935133585
2.16744175957666
2.23852044727944
2.23344727870117
2.36714234720747
2.43545907421353
2.32353667968064
2.17805386734015
2.0024361149258
2.2867996669154
1.96667447178797
2.08343764198306
2.31190289610984
2.19601767857216
2.3006977880492
2.3586458678054
2.48031272644259
2.28853481483778
2.20941755253203
2.18935458905028
2.43120406603004
2.5879674468136
2.55365957057523
2.42544615221755
2.28245014520918
2.45227708472611
2.35783840029833
2.41568528234344
2.18250382967452
2.63837283055884
2.54818571844444
2.45583722100426
2.24227043449788
2.10815351518561
2.33272475212507
2.22891887652851
2.61543636253642
2.3658508832604
1.55272798109267
1.56579322304797
1.54324651930034
1.45902488235539
1.5594215728983
2.61547026553815
3.09577707396042
2.83743869617324
5.48056906483874
7.57839006191266
9.38115557561448
6.36880413211445
4.94452592040609
3.77041844176855
3.26246959445268
7.20893767862767
5.90152578126655
5.95984363655538
5.3845990963614
2.0956777089382
2.4393086011843
2.25238810414953
2.48087806871064
3.97791969249512
3.25837768019769
3.11523982024778
5.15129145197252
5.24002774905618
4.91978076692877
2.91963029941895
2.30674321121669
2.29675213703335
1.7104346542181
1.40235798490516
1.42325285750548
1.32236715274676
1.24566467649682
1.36985365116183
1.55593686759838
1.49774514803331
1.29217749328575
1.37704121032248
3.25195158959438
2.50381460354731
2.60560399822708
2.89599891311563
3.07433133468739
3.04631921828338
2.80998881632199
8.17414550946447
8.32045811894535
2.03097480098712
2.04054495911768
6.3482056098311
6.69431355800941
6.66313612647534
5.5604375418639
6.68251458314862
5.43432761095214
5.86979088739535
8.73680263126507
1.55324375254447
1.59044786566987
2.41368465526781
3.43537943345444
4.16452082584259
4.23914151850665
4.27677298204238
4.57878325532606
4.58372915576258
4.22884926105844
2.98527548192745
1.97775761069189
4.49623281589161
4.04322838890134
4.56638743181815
4.35948244806191
3.96894725054447
4.17612400409911
3.85668877985835
3.40889718788253
2.22112204557212
2.16282033099585
2.19852976671052
2.29667527073873
1.68540252217709
1.68348109983797
1.66572476701651
1.58929370540494
1.70770408577749
2.10312302078678
1.62704695089629
1.32288047862905
1.54702128953222
1.45302178166168
1.43943666658119
1.70316576262772
1.70925542049487
1.68303886384539
1.8768393354511
1.67126977939563
1.64716586829214
1.88292380616509
1.78764728408436
1.72593724582198
1.75165640951113
1.78817817246194
1.76208672275333
5.4969656349613
5.42629244070499
5.23454072815292
5.10432458776776
5.11158482029894
6.60478435587836
6.35903845545765
6.0081975105504
6.18910252545541
6.10074556056023
6.0680993050208
6.26604388399074
6.3338123138412
5.76639507229601
5.41469678837695
5.80722164351231
6.26654050334805
4.7222928441568
4.74980583608958
4.59924062953898
4.63353821345446
4.71368871405851
4.76549816700836
5.0178989035141
2.1014495978865
2.0131498943211
2.06671396607384
1.81729266516574
1.89337248294127
1.89194242191334
1.75708721723054
1.82553043275792
1.71045553357208
1.78884477970579
1.73416213868876
2.40310042617868
2.82937917869969
2.97090553175684
2.95158552644881
2.93195552508177
3.42930622785922
2.85071018827987
2.9781129504775
2.90911557959745
2.85025186999139
2.43900415862726
2.14485390365586
1.27221441850024
1.52724125277802
1.48037773120781
1.55191801046276
1.53443266597754
1.46945032583595
1.4992395436482
1.53667068065333
1.76928702963486
1.88679685261275
2.52146920252021
2.12445161262622
2.15618591490301
2.63162828144242
2.11440639878714
2.06229157568037
2.203177325522
2.15876566703114
2.22377742763622
2.12059429084865
2.25981073577562
2.21719045270858
2.60083708361872
2.23609504230511
1.77471274701937
1.65735586241221
1.79336486514055
2.07209031392898
1.46710583998606
1.6936342379443
1.62804109558131
1.54075891216263
2.9186929596453
2.42790783774023
2.24722918677532
2.09911103146552
2.52218450968646
2.47978783586004
2.97182400293866
2.10237007367002
1.85547685617034
2.08951539275227
2.1486896845075
2.06368892956523
1.95148100891914
1.98398423186485
2.067882027473
1.871218626612
1.82193087093815
1.9342385178955
1.96182506639106
1.80963483198685
1.99988947664491
1.76810883406533
1.70309333039852
1.63306685687922
1.90012685389658
3.63743606336748
4.07004129464584
6.4859495251961
3.83791466711616
1.80519124488593
1.75694971488
1.77888284658878
1.78306080554188
2.02029178900884
1.83979635139842
2.53116478448058
3.11152872983319
3.29142330312026
3.20148651302216
1.94748930290976
1.167267818776
0.905746429123339
0.854993430491149
0.863249372469911
0.984007680609963
0.885360192390947
0.949369940180902
0.920938181153308
0.969390291437518
0.892859845491613
2.26642853671569
3.50116378170344
4.82611001364749
2.14382281144679
2.07575970758189
2.43225755108823
1.09831405320548
0.805734794809933
0.825741309209031
0.835130290928892
1.21957948410677
1.05318212706936
0.984345882120496
0.783877426194135
0.806441263008384
1.55344155926723
3.71795492924097
2.32271743732854
1.52052614818159
3.89682376814982
2.81401508457528
1.78524587138573
1.90200594543416
1.51268728930208
1.56817661627301
1.5337219224897
1.44769320752177
1.3462228037225
1.48457518656856
1.56067704340576
1.43094340746375
1.33582664727028
1.39226630639136
1.4484212902718
1.39132347140053
1.27637466830707
0.72741323905433
0.788525543009739
0.754819200142346
0.783327810896757
0.860693447058779
0.69939033304363
0.747497702223359
0.730025350849507
0.789368660729242
0.861544610614656
0.90853118371571
0.816364807898924
0.943854567707259
0.934185302289814
0.790001721920383
0.733898544752095
0.759686254804993
0.701790953750264
0.788194495611013
0.790142217881773
0.75246760931576
0.837240180290428
0.798202446460511
0.876184907662791
0.783769889364815
0.851584706723905
0.806935573033993
0.792007277460864
0.79933845638893
0.822468805054294
0.799243501607374
0.79401546404786
0.709377126503268
0.840637910572645
0.818699190719821
0.72360912327277
0.805738254815746
0.873410129751974
0.746714039137913
0.901303688858079
0.711330124583941
0.86140593643127
0.730791579578347
0.76294121381001
0.878630047468469
0.847649396884279
0.741816192078172
0.777739260586812
0.852524938833904
0.76919457446664
0.900168769698542
0.695014878385229
0.777528887091361
0.699426589036091
0.762483016075024
0.736523298372568
0.707573178036378
0.823449346610011
0.758139749494534
0.706126725368675
0.794520526199143
0.78429473469083
0.876112353054874
0.818599061041323
0.77947550375784
0.84750249565608
0.772963594149511
0.803019405398399
0.776916164929931
0.757091783807285
0.711862131930848
0.867228898737373
0.791712459315037
0.774353611304625
0.863860483443092
0.797116151331708
0.801898441618498
0.723585626796651
0.899756504809038
0.793216976427805
0.799961219520385
0.758624183746184
0.685220019941011
0.72421494925142
0.73896051991494
0.751440102917231
0.738494261580447
0.739993572588924
0.716277833495973
0.776251161142821
0.828078427101232
0.75530842766766
0.768609708568329
0.741727471934197
0.663906229145745
0.691642315184149
0.712151812945305
0.653084628110638
0.743172886596434
0.712444543273947
0.703501394829585
0.772491547801688
0.746368380185809
0.725833921697488
0.672856815193518
0.775654295540299
0.697898325762912
0.706788702840122
0.714948177080932
0.628881049589401
0.654530428758585
0.735289779957406
0.688290555103971
0.701571354022577
0.983053845144349
0.792924167419862
0.671613852335975
0.736395598551697
0.734835446685376
0.690003654231137
0.813958246100297
0.861566875241039
